9.700058732846549958e+00
7.160696733568696182e+00
1.175729912170179325e+01
7.316992484099110072e+00
1.760837837817869200e+01
6.243715786006886148e+00
7.647895852817099716e+00
8.115696001667769721e+00
8.753099153490889961e+00
6.353180500204962833e+00
5.439768833505558732e+00
6.746626652074926511e+00
8.243846585643991531e+00
9.515893649040750191e+00
9.070134637664791555e+00
9.597303698450946996e+00
8.700419856683295095e+00
1.246818773542313430e+01
9.111571795246208083e+00
9.516698779276095976e+00
7.470665108369627383e+00
1.112798161757960713e+01
8.383539980886181908e+00
6.989638984588476767e+00
6.067812109158307265e+00
5.830329396015277332e+00
1.479383596758420616e+01
6.123129558738158451e+00
1.411084454186280901e+01
5.408577441866884605e+00
9.769435692909953062e+00
7.962145230009028296e+00
7.638537412148401984e+00
1.116039333039115178e+01
1.040671372023889951e+01
1.257751028623094847e+01
8.413184835212719648e+00
6.821673696000661202e+00
1.024068374974417495e+01
5.735881593030605963e+00
4.689706624145700609e+00
1.254224383595927783e+01
6.623325438487493777e+00
8.745800132168872310e+00
1.508915219499296434e+01
1.030709525556064321e+01
1.007628902087615863e+01
7.439672902194216064e+00
8.166653229155661720e+00
1.191340977687894664e+01
7.635125137471468371e+00
9.094241296932642271e+00
9.998315148205209724e+00
6.386335911851604763e+00
1.352155328460071892e+01
7.666947692981797680e+00
6.857851088573163167e+00
1.022109701361718237e+01
9.576715543081631310e+00
9.912251568642396649e+00
7.277862821440125529e+00
7.945978878627156128e+00
1.395834164416605638e+01
6.581793317111663377e+00
1.623715618891101187e+01
6.479797616690087914e+00
8.435740044341342170e+00
5.681161135799349005e+00
1.308587599673731638e+01
8.394858882742015638e+00
5.729746026601458375e+00
1.417322486918747693e+01
7.922147316422747387e+00
1.042833811592888971e+01
1.309038539849123772e+01
1.371262273382911623e+01
5.911297100962589646e+00
1.220278618039809260e+01
7.029157377373685733e+00
7.017534749595739640e+00
1.089310187170893229e+01
1.105946442011061315e+01
1.493042887643769312e+01
4.910969281353797733e+00
4.903940147386091297e+00
7.909829762652559104e+00
1.986149339094504640e+01
4.037381251198989496e+00
1.574377912493874909e+01
9.183721919680889911e+00
6.070755880127698845e+00
7.016842939588634032e+00
7.702162300121255356e+00
5.919681678193640550e+00
1.500168867559270325e+01
7.357442883761832420e+00
9.161758764684529766e+00
9.063618386630558632e+00
8.828247218118894679e+00
1.539454209440665622e+01
9.939692964720030943e+00
1.771321193621796297e+01
1.105542049858101805e+01
1.215357753335285729e+01
9.245751553953239110e+00
4.309230354979809441e+00
8.840243683400240471e+00
6.846055386525250697e+00
8.594632876030919633e+00
1.027078746245698504e+01
7.998916124106415282e+00
1.007696942491138259e+01
6.303545999232919250e+00
9.912516005928052820e+00
1.330035343142157167e+01
1.760620782708218712e+01
1.372387095259184875e+01
1.204801299708512374e+01
7.761725870289414075e+00
9.857877420838237370e+00
9.153358602878610029e+00
1.106115635729498159e+01
6.018675492749620659e+00
8.905154417136234457e+00
6.144112131176802549e+00
1.290373101198156824e+01
1.239962843801869141e+01
1.365907713155554148e+01
9.134768976963210108e+00
7.485035602067011240e+00
5.134657595487174930e+00
6.234114535373612931e+00
6.012151914126244279e+00
1.483368686425989047e+01
9.506497739927270985e+00
1.275471806408729947e+01
1.680283326116339637e+01
7.102480550856851593e+00
1.025680143073765116e+01
1.213325897158637545e+01
1.348113421651391874e+01
1.039461261060190722e+01
1.453033575417013168e+01
1.052569780591468707e+01
1.769488084536819628e+01
9.421639719807354041e+00
1.530921634518306718e+01
1.213285511904321545e+01
5.416675051940330832e+00
8.872176764243866032e+00
8.416721527836488193e+00
9.026348415890407040e+00
1.506941261769415519e+01
1.249665973846316547e+01
1.201293176830600729e+01
6.844506401779677063e+00
7.606567473573091931e+00
7.980188064138358683e+00
4.942959916494723771e+00
5.308056130171459053e+00
4.712474034323386185e+00
9.164277292853888923e+00
9.051749387766909294e+00
8.141483477386913137e+00
7.421145979497857148e+00
1.147933784642403232e+01
1.475402181278141001e+01
7.802831143306710793e+00
1.118315943117701217e+01
1.078774953131975423e+01
1.537330940826584147e+01
1.001691649192405897e+01
5.331779071810689885e+00
1.149785807522164305e+01
1.585284962753773108e+01
5.948710538708311013e+00
1.659794784192805395e+01
1.283527780375850824e+01
6.146587337379727956e+00
9.224195745326587925e+00
1.491851499744084286e+01
1.397968911271271075e+01
1.026573394737239298e+01
6.655435133401421233e+00
9.984744427570529268e+00
8.798631561989573413e+00
9.074652126243471173e+00
8.457645709329467465e+00
7.899232661369492980e+00
5.375147020811668064e+00
1.030066982850940782e+01
1.367490424049986864e+01
6.885660184897596459e+00
5.891918844523305943e+00
6.602418405014457647e+00
6.957011547924832229e+00
1.234366251728529384e+01
1.143406713384895390e+01
1.137510201196062276e+01
1.283640546733895427e+01
5.647831833641541621e+00
4.335093803305134053e+00
5.718392051382092056e+00
8.874951912824766254e+00
9.028345170728567126e+00
6.830199189118493663e+00
9.974555362152505822e+00
7.051989638318188369e+00
7.625685480203352462e+00
6.808501017819054368e+00
1.034727164999944371e+01
5.829360153453835736e+00
6.850750743903665452e+00
7.776666216550186306e+00
4.991392459374031532e+00
8.995695873141519527e+00
4.974895324948205300e+00
8.448895539144464450e+00
5.232270541595718250e+00
6.650007319740767642e+00
9.244573109236277730e+00
1.418107440833128230e+01
1.224998477457448232e+01
8.444599753432294520e+00
7.542390811591301869e+00
1.109088872702371553e+01
1.149019386786876673e+01
8.287698721197857665e+00
6.309244134659443226e+00
1.095950726778063355e+01
8.715638085581078442e+00
6.481185419900048927e+00
1.121297654089437046e+01
1.188263262418364086e+01
5.690621901301799568e+00
8.548823018908517923e+00
6.028278773714517591e+00
1.101529086930701773e+01
1.009496630536689743e+01
1.890456428443079062e+01
9.387426441802132260e+00
6.425645769498122384e+00
9.817691082779877121e+00
8.855298159932443625e+00
1.087541632681372228e+01
1.110995333596514989e+01
9.037442977897256924e+00
6.754392122132847120e+00
1.191397722423452343e+01
9.627786484060569805e+00
